StringID	Type	x	y	ddmand	pdemand	dvol	pvol	ReadyTime	DueDate	ServiceTime
D0	d	40.0	50.0	0.0	0.0	0.0	0.0	0.0	1236.0	0.0
C30	c	20.0	55.0	10.0	19.0	0.18	0.36	355.0	407.0	90.0
C12	c	25.0	85.0	20.0	8.0	0.24	0.12	176.0	228.0	90.0
C100	c	55.0	85.0	20.0	22.0	0.50	0.27	744.0	798.0	90.0
C85	c	68.0	60.0	30.0	23.0	0.47	0.13	737.0	809.0	90.0
C64	c	48.0	30.0	10.0	16.0	0.16	0.41	263.0	325.0	90.0
S0	f	40.0	50.0	0.0	0.0	0.0	0.0	0.0	1236.0	0.0
S5	f	31.0	84.0	0.0	0.0	0.0	0.0	0.0	1236.0	0.0
S15	f	39.0	26.0	0.0	0.0	0.0	0.0	0.0	1236.0	0.0
