StringID	Type	x	y	ddmand	pdemand	dvol	pvol	ReadyTime	DueDate	ServiceTime
D0	d	35.0	35.0	0.0	0.0	0.0	0.0	0.0	230.0	0.0
C91	c	15.0	19.0	1.0	10.0	0.07	0.46	77.0	107.0	10.0
C28	c	41.0	37.0	16.0	1.0	0.32	0.36	183.0	213.0	10.0
C75	c	49.0	11.0	18.0	16.0	0.06	0.43	49.0	79.0	10.0
C78	c	61.0	52.0	3.0	7.0	0.34	0.34	158.0	188.0	10.0
C95	c	25.0	24.0	20.0	5.0	0.41	0.04	130.0	160.0	10.0
S0	f	35.0	35.0	0.0	0.0	0.0	0.0	0.0	230.0	0.0
S1	f	64.0	37.0	0.0	0.0	0.0	0.0	0.0	230.0	0.0
S13	f	21.0	22.0	0.0	0.0	0.0	0.0	0.0	230.0	0.0
