StringID	Type	x	y	ddmand	pdemand	dvol	pvol	ReadyTime	DueDate	ServiceTime
D0	d	35.0	35.0	0.0	0.0	0.0	0.0	0.0	1000.0	0.0
C77	c	53.0	43.0	14.0	5.0	0.47	0.10	86.0	224.0	10.0
C17	c	5.0	30.0	2.0	18.0	0.39	0.24	0.0	959.0	10.0
C37	c	20.0	20.0	8.0	1.0	0.03	0.29	0.0	968.0	10.0
C18	c	20.0	40.0	12.0	1.0	0.38	0.28	403.0	513.0	10.0
C72	c	47.0	16.0	25.0	1.0	0.15	0.09	104.0	252.0	10.0
S0	f	35.0	35.0	0.0	0.0	0.0	0.0	0.0	1000.0	0.0
S13	f	21.0	22.0	0.0	0.0	0.0	0.0	0.0	1000.0	0.0
S15	f	34.0	16.0	0.0	0.0	0.0	0.0	0.0	1000.0	0.0
