StringID	Type	x	y	ddmand	pdemand	dvol	pvol	ReadyTime	DueDate	ServiceTime
D0	d	35.0	35.0	0.0	0.0	0.0	0.0	0.0	1000.0	0.0
C1	c	41.0	49.0	10.0	2.0	0.05	0.24	16.0	102.0	10.0
C2	c	35.0	17.0	7.0	1.0	0.19	0.06	0.0	972.0	10.0
C3	c	55.0	45.0	13.0	12.0	0.02	0.17	0.0	967.0	10.0
C4	c	55.0	20.0	19.0	22.0	0.21	0.05	0.0	965.0	10.0
C5	c	15.0	30.0	26.0	8.0	0.13	0.13	0.0	969.0	10.0
C6	c	25.0	30.0	3.0	6.0	0.43	0.09	0.0	978.0	10.0
C7	c	20.0	50.0	5.0	17.0	0.28	0.35	0.0	968.0	10.0
C8	c	10.0	43.0	9.0	7.0	0.29	0.39	0.0	963.0	10.0
C9	c	55.0	60.0	16.0	19.0	0.47	0.21	0.0	957.0	10.0
C10	c	30.0	60.0	16.0	18.0	0.03	0.07	585.0	691.0	10.0
C11	c	20.0	65.0	12.0	16.0	0.18	0.51	0.0	956.0	10.0
C12	c	50.0	35.0	19.0	24.0	0.28	0.15	850.0	934.0	10.0
C13	c	30.0	25.0	23.0	19.0	0.12	0.42	0.0	978.0	10.0
C14	c	15.0	10.0	20.0	22.0	0.19	0.14	0.0	957.0	10.0
C15	c	30.0	5.0	8.0	0.0	0.33	0.00	861.0	959.0	10.0
C16	c	10.0	20.0	19.0	5.0	0.46	0.09	527.0	665.0	10.0
C17	c	5.0	30.0	2.0	7.0	0.12	0.22	0.0	959.0	10.0
C18	c	20.0	40.0	12.0	20.0	0.29	0.38	0.0	974.0	10.0
C19	c	15.0	60.0	17.0	0.0	0.09	0.00	0.0	957.0	10.0
C20	c	45.0	65.0	9.0	15.0	0.26	0.40	679.0	769.0	10.0
C21	c	45.0	20.0	11.0	8.0	0.21	0.40	0.0	971.0	10.0
C22	c	45.0	10.0	18.0	26.0	0.07	0.10	0.0	963.0	10.0
C23	c	55.0	5.0	29.0	8.0	0.38	0.40	94.0	274.0	10.0
C24	c	65.0	35.0	3.0	3.0	0.13	0.34	0.0	960.0	10.0
C25	c	65.0	20.0	6.0	20.0	0.51	0.39	0.0	956.0	10.0
C26	c	45.0	30.0	17.0	4.0	0.13	0.27	0.0	978.0	10.0
C27	c	35.0	40.0	16.0	22.0	0.01	0.11	0.0	985.0	10.0
C28	c	41.0	37.0	16.0	1.0	0.12	0.41	0.0	983.0	10.0
C29	c	64.0	42.0	9.0	10.0	0.02	0.15	847.0	960.0	10.0
C30	c	40.0	60.0	21.0	24.0	0.31	0.13	0.0	964.0	10.0
C31	c	31.0	52.0	27.0	4.0	0.29	0.10	0.0	972.0	10.0
C32	c	35.0	69.0	23.0	6.0	0.18	0.45	0.0	956.0	10.0
C33	c	53.0	52.0	11.0	6.0	0.12	0.02	0.0	965.0	10.0
C34	c	65.0	55.0	14.0	17.0	0.44	0.26	0.0	953.0	10.0
C35	c	63.0	65.0	8.0	21.0	0.28	0.16	0.0	948.0	10.0
C36	c	2.0	60.0	5.0	20.0	0.48	0.48	823.0	948.0	10.0
C37	c	20.0	20.0	8.0	17.0	0.40	0.35	0.0	968.0	10.0
C38	c	5.0	5.0	16.0	25.0	0.06	0.17	0.0	947.0	10.0
C39	c	60.0	12.0	31.0	22.0	0.22	0.50	0.0	956.0	10.0
C40	c	40.0	25.0	9.0	21.0	0.37	0.45	0.0	978.0	10.0
C41	c	42.0	7.0	5.0	12.0	0.47	0.36	0.0	961.0	10.0
C42	c	24.0	12.0	5.0	29.0	0.20	0.09	0.0	964.0	10.0
C43	c	23.0	3.0	7.0	1.0	0.09	0.18	0.0	955.0	10.0
C44	c	11.0	14.0	18.0	18.0	0.19	0.08	0.0	958.0	10.0
C45	c	6.0	38.0	16.0	7.0	0.26	0.09	779.0	960.0	10.0
C46	c	2.0	48.0	1.0	25.0	0.43	0.30	0.0	954.0	10.0
C47	c	8.0	56.0	27.0	22.0	0.50	0.26	0.0	955.0	10.0
C48	c	13.0	52.0	36.0	7.0	0.13	0.24	0.0	962.0	10.0
C49	c	6.0	68.0	30.0	15.0	0.37	0.27	0.0	946.0	10.0
C50	c	47.0	47.0	13.0	26.0	0.46	0.09	0.0	973.0	10.0
C51	c	49.0	58.0	10.0	29.0	0.31	0.42	0.0	963.0	10.0
C52	c	27.0	43.0	9.0	29.0	0.28	0.36	0.0	978.0	10.0
C53	c	37.0	31.0	14.0	27.0	0.14	0.09	0.0	985.0	10.0
C54	c	57.0	29.0	18.0	11.0	0.31	0.32	0.0	967.0	10.0
C55	c	63.0	23.0	2.0	5.0	0.03	0.28	0.0	959.0	10.0
C56	c	53.0	12.0	6.0	7.0	0.41	0.07	0.0	960.0	10.0
C57	c	32.0	12.0	7.0	23.0	0.37	0.35	0.0	966.0	10.0
C58	c	36.0	26.0	18.0	8.0	0.03	0.38	0.0	980.0	10.0
C59	c	21.0	24.0	28.0	17.0	0.35	0.51	18.0	140.0	10.0
C60	c	17.0	34.0	3.0	22.0	0.09	0.08	589.0	721.0	10.0
C61	c	12.0	24.0	13.0	25.0	0.30	0.24	329.0	551.0	10.0
C62	c	24.0	58.0	19.0	26.0	0.40	0.25	0.0	964.0	10.0
C63	c	27.0	69.0	10.0	13.0	0.43	0.51	779.0	943.0	10.0
C64	c	15.0	77.0	9.0	1.0	0.11	0.28	719.0	821.0	10.0
C65	c	62.0	77.0	20.0	4.0	0.27	0.34	113.0	215.0	10.0
C66	c	49.0	73.0	25.0	27.0	0.22	0.30	0.0	949.0	10.0
C67	c	67.0	5.0	25.0	12.0	0.13	0.43	0.0	946.0	10.0
C68	c	56.0	39.0	36.0	17.0	0.28	0.03	0.0	968.0	10.0
C69	c	37.0	47.0	6.0	8.0	0.28	0.50	0.0	977.0	10.0
C70	c	37.0	56.0	5.0	14.0	0.12	0.38	0.0	968.0	10.0
C71	c	57.0	68.0	15.0	18.0	0.26	0.34	0.0	950.0	10.0
C72	c	47.0	16.0	25.0	19.0	0.14	0.05	0.0	967.0	10.0
C73	c	44.0	17.0	9.0	1.0	0.31	0.16	0.0	969.0	10.0
C74	c	46.0	13.0	8.0	6.0	0.26	0.33	0.0	965.0	10.0
C75	c	49.0	11.0	18.0	0.0	0.32	0.00	0.0	962.0	10.0
C76	c	49.0	42.0	13.0	7.0	0.23	0.25	0.0	974.0	10.0
C77	c	53.0	43.0	14.0	0.0	0.15	0.00	0.0	970.0	10.0
C78	c	61.0	52.0	3.0	2.0	0.11	0.50	230.0	408.0	10.0
C79	c	57.0	48.0	23.0	21.0	0.20	0.34	0.0	964.0	10.0
C80	c	56.0	37.0	6.0	21.0	0.23	0.01	0.0	968.0	10.0
C81	c	55.0	54.0	26.0	20.0	0.35	0.22	0.0	962.0	10.0
C82	c	15.0	47.0	16.0	17.0	0.38	0.31	0.0	966.0	10.0
C83	c	14.0	37.0	11.0	5.0	0.33	0.27	545.0	677.0	10.0
C84	c	11.0	31.0	7.0	9.0	0.41	0.13	0.0	965.0	10.0
C85	c	16.0	22.0	41.0	2.0	0.05	0.06	0.0	966.0	10.0
C86	c	4.0	18.0	35.0	8.0	0.43	0.01	0.0	954.0	10.0
C87	c	28.0	18.0	26.0	15.0	0.10	0.06	530.0	568.0	10.0
C88	c	26.0	52.0	9.0	15.0	0.06	0.27	0.0	970.0	10.0
C89	c	26.0	35.0	15.0	22.0	0.31	0.09	0.0	981.0	10.0
C90	c	31.0	67.0	3.0	21.0	0.38	0.03	532.0	636.0	10.0
C91	c	15.0	19.0	1.0	17.0	0.29	0.04	463.0	617.0	10.0
C92	c	22.0	22.0	2.0	8.0	0.02	0.32	223.0	399.0	10.0
C93	c	18.0	24.0	22.0	3.0	0.41	0.24	0.0	969.0	10.0
C94	c	26.0	27.0	27.0	21.0	0.41	0.44	534.0	642.0	10.0
C95	c	25.0	24.0	20.0	13.0	0.39	0.50	15.0	179.0	10.0
C96	c	22.0	27.0	11.0	14.0	0.08	0.09	0.0	974.0	10.0
C97	c	25.0	21.0	12.0	23.0	0.02	0.24	0.0	972.0	10.0
C98	c	19.0	21.0	10.0	28.0	0.48	0.12	0.0	968.0	10.0
C99	c	20.0	26.0	9.0	9.0	0.26	0.26	0.0	972.0	10.0
C100	c	18.0	18.0	17.0	6.0	0.31	0.14	118.0	148.0	10.0
S0	f	35.0	35.0	0.0	0.0	0.0	0.0	0.0	1000.0	0.0
S1	f	61.0	37.0	0.0	0.0	0.0	0.0	0.0	1000.0	0.0
S2	f	74.0	39.0	0.0	0.0	0.0	0.0	0.0	1000.0	0.0
S3	f	47.0	57.0	0.0	0.0	0.0	0.0	0.0	1000.0	0.0
S4	f	57.0	65.0	0.0	0.0	0.0	0.0	0.0	1000.0	0.0
S5	f	29.0	59.0	0.0	0.0	0.0	0.0	0.0	1000.0	0.0
S6	f	34.0	71.0	0.0	0.0	0.0	0.0	0.0	1000.0	0.0
S7	f	22.0	58.0	0.0	0.0	0.0	0.0	0.0	1000.0	0.0
S8	f	7.0	61.0	0.0	0.0	0.0	0.0	0.0	1000.0	0.0
S9	f	18.0	41.0	0.0	0.0	0.0	0.0	0.0	1000.0	0.0
S10	f	5.0	39.0	0.0	0.0	0.0	0.0	0.0	1000.0	0.0
S11	f	14.0	20.0	0.0	0.0	0.0	0.0	0.0	1000.0	0.0
S12	f	0.0	26.0	0.0	0.0	0.0	0.0	0.0	1000.0	0.0
S13	f	24.0	25.0	0.0	0.0	0.0	0.0	0.0	1000.0	0.0
S14	f	26.0	6.0	0.0	0.0	0.0	0.0	0.0	1000.0	0.0
S15	f	34.0	20.0	0.0	0.0	0.0	0.0	0.0	1000.0	0.0
S16	f	41.0	5.0	0.0	0.0	0.0	0.0	0.0	1000.0	0.0
S17	f	50.0	9.0	0.0	0.0	0.0	0.0	0.0	1000.0	0.0
S18	f	61.0	14.0	0.0	0.0	0.0	0.0	0.0	1000.0	0.0
S19	f	62.0	21.0	0.0	0.0	0.0	0.0	0.0	1000.0	0.0
S20	f	74.0	30.0	0.0	0.0	0.0	0.0	0.0	1000.0	0.0
