StringID	Type	x	y	ddmand	pdemand	dvol	pvol	ReadyTime	DueDate	ServiceTime
D0	d	35.0	35.0	0.0	0.0	0.0	0.0	0.0	1000.0	0.0
C1	c	41.0	49.0	10.0	26.0	0.16	0.21	16.0	256.0	10.0
C2	c	35.0	17.0	7.0	28.0	0.26	0.30	18.0	258.0	10.0
C3	c	55.0	45.0	13.0	12.0	0.19	0.25	721.0	961.0	10.0
C4	c	55.0	20.0	19.0	17.0	0.02	0.36	672.0	912.0	10.0
C5	c	15.0	30.0	26.0	4.0	0.33	0.36	21.0	261.0	10.0
C6	c	25.0	30.0	3.0	5.0	0.42	0.40	512.0	752.0	10.0
C7	c	20.0	50.0	5.0	18.0	0.20	0.48	22.0	262.0	10.0
C8	c	10.0	43.0	9.0	8.0	0.31	0.38	27.0	267.0	10.0
C9	c	55.0	60.0	16.0	17.0	0.11	0.38	509.0	749.0	10.0
C10	c	30.0	60.0	16.0	12.0	0.38	0.05	518.0	758.0	10.0
C11	c	20.0	65.0	12.0	20.0	0.37	0.26	641.0	881.0	10.0
C12	c	50.0	35.0	19.0	15.0	0.06	0.17	735.0	975.0	10.0
C13	c	30.0	25.0	23.0	15.0	0.17	0.44	12.0	252.0	10.0
C14	c	15.0	10.0	20.0	22.0	0.26	0.27	119.0	359.0	10.0
C15	c	30.0	5.0	8.0	16.0	0.49	0.05	719.0	959.0	10.0
C16	c	10.0	20.0	19.0	7.0	0.22	0.09	476.0	716.0	10.0
C17	c	5.0	30.0	2.0	24.0	0.50	0.30	682.0	922.0	10.0
C18	c	20.0	40.0	12.0	11.0	0.36	0.51	338.0	578.0	10.0
C19	c	15.0	60.0	17.0	6.0	0.47	0.40	178.0	418.0	10.0
C20	c	45.0	65.0	9.0	3.0	0.30	0.36	604.0	844.0	10.0
C21	c	45.0	20.0	11.0	27.0	0.11	0.07	20.0	260.0	10.0
C22	c	45.0	10.0	18.0	0.0	0.17	0.00	705.0	945.0	10.0
C23	c	55.0	5.0	29.0	21.0	0.34	0.09	64.0	304.0	10.0
C24	c	65.0	35.0	3.0	22.0	0.09	0.27	720.0	960.0	10.0
C25	c	65.0	20.0	6.0	29.0	0.30	0.31	34.0	274.0	10.0
C26	c	45.0	30.0	17.0	8.0	0.23	0.05	73.0	313.0	10.0
C27	c	35.0	40.0	16.0	23.0	0.50	0.41	268.0	508.0	10.0
C28	c	41.0	37.0	16.0	17.0	0.10	0.29	306.0	546.0	10.0
C29	c	64.0	42.0	9.0	15.0	0.40	0.20	720.0	960.0	10.0
C30	c	40.0	60.0	21.0	3.0	0.36	0.46	454.0	694.0	10.0
C31	c	31.0	52.0	27.0	19.0	0.04	0.41	580.0	820.0	10.0
C32	c	35.0	69.0	23.0	26.0	0.28	0.14	367.0	607.0	10.0
C33	c	53.0	52.0	11.0	23.0	0.16	0.21	209.0	449.0	10.0
C34	c	65.0	55.0	14.0	21.0	0.14	0.31	37.0	277.0	10.0
C35	c	63.0	65.0	8.0	13.0	0.12	0.36	690.0	930.0	10.0
C36	c	2.0	60.0	5.0	7.0	0.40	0.38	708.0	948.0	10.0
C37	c	20.0	20.0	8.0	24.0	0.05	0.25	469.0	709.0	10.0
C38	c	5.0	5.0	16.0	19.0	0.24	0.23	540.0	780.0	10.0
C39	c	60.0	12.0	31.0	0.0	0.20	0.00	242.0	482.0	10.0
C40	c	40.0	25.0	9.0	2.0	0.05	0.15	661.0	901.0	10.0
C41	c	42.0	7.0	5.0	6.0	0.51	0.07	721.0	961.0	10.0
C42	c	24.0	12.0	5.0	21.0	0.21	0.16	26.0	266.0	10.0
C43	c	23.0	3.0	7.0	15.0	0.32	0.33	350.0	590.0	10.0
C44	c	11.0	14.0	18.0	28.0	0.34	0.18	526.0	766.0	10.0
C45	c	6.0	38.0	16.0	14.0	0.13	0.21	720.0	960.0	10.0
C46	c	2.0	48.0	1.0	27.0	0.46	0.25	36.0	276.0	10.0
C47	c	8.0	56.0	27.0	2.0	0.20	0.42	571.0	811.0	10.0
C48	c	13.0	52.0	36.0	27.0	0.36	0.35	368.0	608.0	10.0
C49	c	6.0	68.0	30.0	14.0	0.05	0.14	703.0	943.0	10.0
C50	c	47.0	47.0	13.0	24.0	0.18	0.07	433.0	673.0	10.0
C51	c	49.0	58.0	10.0	15.0	0.33	0.18	721.0	961.0	10.0
C52	c	27.0	43.0	9.0	7.0	0.45	0.48	192.0	432.0	10.0
C53	c	37.0	31.0	14.0	21.0	0.31	0.08	332.0	572.0	10.0
C54	c	57.0	29.0	18.0	12.0	0.10	0.25	23.0	263.0	10.0
C55	c	63.0	23.0	2.0	26.0	0.32	0.45	385.0	625.0	10.0
C56	c	53.0	12.0	6.0	14.0	0.47	0.08	720.0	960.0	10.0
C57	c	32.0	12.0	7.0	25.0	0.06	0.45	409.0	649.0	10.0
C58	c	36.0	26.0	18.0	18.0	0.22	0.26	337.0	577.0	10.0
C59	c	21.0	24.0	28.0	29.0	0.32	0.05	18.0	258.0	10.0
C60	c	17.0	34.0	3.0	16.0	0.29	0.48	535.0	775.0	10.0
C61	c	12.0	24.0	13.0	0.0	0.06	0.00	320.0	560.0	10.0
C62	c	24.0	58.0	19.0	11.0	0.32	0.31	724.0	964.0	10.0
C63	c	27.0	69.0	10.0	22.0	0.23	0.42	715.0	955.0	10.0
C64	c	15.0	77.0	9.0	3.0	0.33	0.14	650.0	890.0	10.0
C65	c	62.0	77.0	20.0	26.0	0.43	0.27	50.0	290.0	10.0
C66	c	49.0	73.0	25.0	25.0	0.18	0.30	557.0	797.0	10.0
C67	c	67.0	5.0	25.0	29.0	0.45	0.40	44.0	284.0	10.0
C68	c	56.0	39.0	36.0	7.0	0.18	0.37	272.0	512.0	10.0
C69	c	37.0	47.0	6.0	15.0	0.23	0.08	410.0	650.0	10.0
C70	c	37.0	56.0	5.0	24.0	0.17	0.21	22.0	262.0	10.0
C71	c	57.0	68.0	15.0	20.0	0.26	0.43	633.0	873.0	10.0
C72	c	47.0	16.0	25.0	28.0	0.24	0.06	58.0	298.0	10.0
C73	c	44.0	17.0	9.0	12.0	0.34	0.28	729.0	969.0	10.0
C74	c	46.0	13.0	8.0	14.0	0.11	0.41	382.0	622.0	10.0
C75	c	49.0	11.0	18.0	28.0	0.18	0.27	466.0	706.0	10.0
C76	c	49.0	42.0	13.0	0.0	0.46	0.00	166.0	406.0	10.0
C77	c	53.0	43.0	14.0	15.0	0.20	0.44	35.0	275.0	10.0
C78	c	61.0	52.0	3.0	23.0	0.48	0.41	199.0	439.0	10.0
C79	c	57.0	48.0	23.0	26.0	0.39	0.20	26.0	266.0	10.0
C80	c	56.0	37.0	6.0	24.0	0.17	0.16	22.0	262.0	10.0
C81	c	55.0	54.0	26.0	27.0	0.02	0.29	28.0	268.0	10.0
C82	c	15.0	47.0	16.0	3.0	0.03	0.04	630.0	870.0	10.0
C83	c	14.0	37.0	11.0	5.0	0.29	0.10	491.0	731.0	10.0
C84	c	11.0	31.0	7.0	23.0	0.27	0.48	261.0	501.0	10.0
C85	c	16.0	22.0	41.0	23.0	0.46	0.28	528.0	768.0	10.0
C86	c	4.0	18.0	35.0	23.0	0.36	0.28	714.0	954.0	10.0
C87	c	28.0	18.0	26.0	1.0	0.47	0.14	429.0	669.0	10.0
C88	c	26.0	52.0	9.0	25.0	0.41	0.36	271.0	511.0	10.0
C89	c	26.0	35.0	15.0	14.0	0.38	0.05	506.0	746.0	10.0
C90	c	31.0	67.0	3.0	24.0	0.18	0.39	464.0	704.0	10.0
C91	c	15.0	19.0	1.0	27.0	0.37	0.03	420.0	660.0	10.0
C92	c	22.0	22.0	2.0	13.0	0.07	0.32	191.0	431.0	10.0
C93	c	18.0	24.0	22.0	13.0	0.21	0.43	484.0	724.0	10.0
C94	c	26.0	27.0	27.0	28.0	0.19	0.02	468.0	708.0	10.0
C95	c	25.0	24.0	20.0	16.0	0.03	0.13	15.0	255.0	10.0
C96	c	22.0	27.0	11.0	0.0	0.49	0.00	734.0	974.0	10.0
C97	c	25.0	21.0	12.0	8.0	0.42	0.42	481.0	721.0	10.0
C98	c	19.0	21.0	10.0	21.0	0.12	0.31	363.0	603.0	10.0
C99	c	20.0	26.0	9.0	14.0	0.14	0.11	27.0	267.0	10.0
C100	c	18.0	18.0	17.0	29.0	0.45	0.33	25.0	265.0	10.0
S0	f	35.0	35.0	0.0	0.0	0.0	0.0	0.0	1000.0	0.0
S1	f	61.0	37.0	0.0	0.0	0.0	0.0	0.0	1000.0	0.0
S2	f	74.0	39.0	0.0	0.0	0.0	0.0	0.0	1000.0	0.0
S3	f	47.0	57.0	0.0	0.0	0.0	0.0	0.0	1000.0	0.0
S4	f	57.0	65.0	0.0	0.0	0.0	0.0	0.0	1000.0	0.0
S5	f	29.0	59.0	0.0	0.0	0.0	0.0	0.0	1000.0	0.0
S6	f	34.0	71.0	0.0	0.0	0.0	0.0	0.0	1000.0	0.0
S7	f	22.0	58.0	0.0	0.0	0.0	0.0	0.0	1000.0	0.0
S8	f	7.0	61.0	0.0	0.0	0.0	0.0	0.0	1000.0	0.0
S9	f	18.0	41.0	0.0	0.0	0.0	0.0	0.0	1000.0	0.0
S10	f	5.0	39.0	0.0	0.0	0.0	0.0	0.0	1000.0	0.0
S11	f	14.0	20.0	0.0	0.0	0.0	0.0	0.0	1000.0	0.0
S12	f	0.0	26.0	0.0	0.0	0.0	0.0	0.0	1000.0	0.0
S13	f	24.0	25.0	0.0	0.0	0.0	0.0	0.0	1000.0	0.0
S14	f	26.0	6.0	0.0	0.0	0.0	0.0	0.0	1000.0	0.0
S15	f	34.0	20.0	0.0	0.0	0.0	0.0	0.0	1000.0	0.0
S16	f	41.0	5.0	0.0	0.0	0.0	0.0	0.0	1000.0	0.0
S17	f	50.0	9.0	0.0	0.0	0.0	0.0	0.0	1000.0	0.0
S18	f	61.0	14.0	0.0	0.0	0.0	0.0	0.0	1000.0	0.0
S19	f	62.0	21.0	0.0	0.0	0.0	0.0	0.0	1000.0	0.0
S20	f	74.0	30.0	0.0	0.0	0.0	0.0	0.0	1000.0	0.0
