StringID	Type	x	y	ddmand	pdemand	dvol	pvol	ReadyTime	DueDate	ServiceTime
D0	d	40.0	50.0	0.0	0.0	0.0	0.0	0.0	960.0	0.0
C66	c	41.0	37.0	16.0	1.0	0.41	0.10	383.0	905.0	10.0
C37	c	65.0	82.0	10.0	7.0	0.41	0.16	59.0	632.0	10.0
C96	c	55.0	54.0	26.0	8.0	0.13	0.43	142.0	532.0	10.0
C41	c	58.0	75.0	20.0	20.0	0.38	0.40	73.0	561.0	10.0
C32	c	87.0	30.0	10.0	3.0	0.04	0.40	69.0	539.0	10.0
S0	f	40.0	50.0	0.0	0.0	0.0	0.0	0.0	960.0	0.0
S3	f	57.0	82.0	0.0	0.0	0.0	0.0	0.0	960.0	0.0
S19	f	77.0	30.0	0.0	0.0	0.0	0.0	0.0	960.0	0.0
