StringID	Type	x	y	ddmand	pdemand	dvol	pvol	ReadyTime	DueDate	ServiceTime
D0	d	40.0	50.0	0.0	0.0	0.0	0.0	0.0	960.0	0.0
C1	c	25.0	85.0	20.0	25.0	0.33	0.48	319.0	401.0	10.0
C2	c	22.0	75.0	30.0	7.0	0.43	0.31	31.0	364.0	10.0
C3	c	22.0	85.0	10.0	17.0	0.06	0.44	113.0	683.0	10.0
C4	c	20.0	80.0	40.0	19.0	0.42	0.39	746.0	798.0	10.0
C5	c	20.0	85.0	20.0	10.0	0.11	0.48	525.0	909.0	10.0
C6	c	18.0	75.0	20.0	21.0	0.02	0.50	142.0	494.0	10.0
C7	c	15.0	75.0	20.0	1.0	0.45	0.26	160.0	218.0	10.0
C8	c	15.0	80.0	10.0	13.0	0.42	0.47	381.0	619.0	10.0
C9	c	10.0	35.0	20.0	1.0	0.10	0.02	559.0	869.0	10.0
C10	c	10.0	40.0	30.0	18.0	0.13	0.50	382.0	550.0	10.0
C11	c	8.0	40.0	40.0	20.0	0.21	0.23	349.0	573.0	10.0
C12	c	8.0	45.0	20.0	1.0	0.41	0.49	841.0	917.0	10.0
C13	c	5.0	35.0	10.0	24.0	0.49	0.23	39.0	263.0	10.0
C14	c	5.0	45.0	10.0	21.0	0.36	0.30	126.0	390.0	10.0
C15	c	2.0	40.0	20.0	0.0	0.03	0.00	742.0	874.0	10.0
C16	c	0.0	40.0	20.0	19.0	0.21	0.23	94.0	386.0	10.0
C17	c	0.0	45.0	20.0	10.0	0.40	0.37	158.0	314.0	10.0
C18	c	44.0	5.0	20.0	11.0	0.16	0.38	720.0	904.0	10.0
C19	c	42.0	10.0	40.0	23.0	0.47	0.41	41.0	302.0	10.0
C20	c	42.0	15.0	10.0	23.0	0.32	0.25	218.0	318.0	10.0
C21	c	40.0	5.0	10.0	15.0	0.19	0.17	420.0	744.0	10.0
C22	c	40.0	15.0	40.0	17.0	0.23	0.05	568.0	794.0	10.0
C23	c	38.0	5.0	30.0	0.0	0.14	0.00	100.0	558.0	10.0
C24	c	38.0	15.0	10.0	3.0	0.36	0.16	129.0	313.0	10.0
C25	c	35.0	5.0	20.0	11.0	0.14	0.47	46.0	240.0	10.0
C26	c	95.0	30.0	30.0	22.0	0.26	0.43	673.0	891.0	10.0
C27	c	95.0	35.0	20.0	1.0	0.50	0.36	439.0	892.0	10.0
C28	c	92.0	30.0	10.0	21.0	0.36	0.39	67.0	359.0	10.0
C29	c	90.0	35.0	10.0	18.0	0.07	0.31	466.0	656.0	10.0
C30	c	88.0	30.0	10.0	12.0	0.17	0.19	389.0	563.0	10.0
C31	c	88.0	35.0	20.0	16.0	0.29	0.10	281.0	899.0	10.0
C32	c	87.0	30.0	10.0	12.0	0.21	0.05	79.0	299.0	10.0
C33	c	85.0	25.0	10.0	14.0	0.48	0.50	519.0	898.0	10.0
C34	c	85.0	35.0	30.0	23.0	0.39	0.29	48.0	305.0	10.0
C35	c	67.0	85.0	20.0	16.0	0.50	0.35	491.0	905.0	10.0
C36	c	65.0	85.0	40.0	11.0	0.50	0.50	457.0	697.0	10.0
C37	c	65.0	82.0	10.0	0.0	0.35	0.00	84.0	540.0	10.0
C38	c	62.0	80.0	30.0	2.0	0.27	0.45	38.0	365.0	10.0
C39	c	60.0	80.0	10.0	19.0	0.19	0.38	545.0	913.0	10.0
C40	c	60.0	85.0	30.0	1.0	0.40	0.29	508.0	636.0	10.0
C41	c	58.0	75.0	20.0	14.0	0.15	0.04	187.0	447.0	10.0
C42	c	55.0	80.0	10.0	20.0	0.09	0.35	545.0	615.0	10.0
C43	c	55.0	85.0	20.0	1.0	0.19	0.49	39.0	490.0	10.0
C44	c	55.0	82.0	10.0	11.0	0.24	0.25	369.0	651.0	10.0
C45	c	20.0	82.0	10.0	22.0	0.44	0.29	448.0	912.0	10.0
C46	c	18.0	80.0	10.0	25.0	0.13	0.26	628.0	912.0	10.0
C47	c	2.0	45.0	10.0	12.0	0.09	0.33	160.0	478.0	10.0
C48	c	42.0	5.0	10.0	14.0	0.27	0.26	46.0	344.0	10.0
C49	c	42.0	12.0	10.0	5.0	0.47	0.32	152.0	384.0	10.0
C50	c	72.0	35.0	30.0	11.0	0.51	0.07	741.0	851.0	10.0
C51	c	55.0	20.0	19.0	21.0	0.08	0.24	411.0	673.0	10.0
C52	c	25.0	30.0	3.0	24.0	0.20	0.49	425.0	801.0	10.0
C53	c	20.0	50.0	5.0	4.0	0.29	0.49	201.0	453.0	10.0
C54	c	55.0	60.0	16.0	1.0	0.28	0.25	504.0	730.0	10.0
C55	c	30.0	60.0	16.0	13.0	0.13	0.50	508.0	934.0	10.0
C56	c	50.0	35.0	19.0	16.0	0.05	0.04	69.0	419.0	10.0
C57	c	30.0	25.0	23.0	22.0	0.08	0.07	182.0	390.0	10.0
C58	c	15.0	10.0	20.0	2.0	0.07	0.41	399.0	607.0	10.0
C59	c	10.0	20.0	19.0	26.0	0.22	0.16	601.0	829.0	10.0
C60	c	15.0	60.0	17.0	28.0	0.16	0.03	27.0	299.0	10.0
C61	c	45.0	65.0	9.0	2.0	0.45	0.23	305.0	934.0	10.0
C62	c	65.0	35.0	3.0	27.0	0.12	0.14	80.0	316.0	10.0
C63	c	65.0	20.0	6.0	28.0	0.06	0.40	176.0	576.0	10.0
C64	c	45.0	30.0	17.0	24.0	0.10	0.07	612.0	764.0	10.0
C65	c	35.0	40.0	16.0	15.0	0.49	0.23	13.0	163.0	10.0
C66	c	41.0	37.0	16.0	5.0	0.03	0.31	474.0	814.0	10.0
C67	c	64.0	42.0	9.0	13.0	0.36	0.11	26.0	285.0	10.0
C68	c	40.0	60.0	21.0	18.0	0.39	0.21	609.0	940.0	10.0
C69	c	31.0	52.0	27.0	26.0	0.21	0.46	10.0	249.0	10.0
C70	c	35.0	69.0	23.0	2.0	0.02	0.33	391.0	525.0	10.0
C71	c	65.0	55.0	14.0	0.0	0.01	0.00	812.0	898.0	10.0
C72	c	63.0	65.0	8.0	3.0	0.43	0.50	226.0	556.0	10.0
C73	c	2.0	60.0	5.0	13.0	0.14	0.33	313.0	387.0	10.0
C74	c	20.0	20.0	8.0	18.0	0.38	0.16	791.0	913.0	10.0
C75	c	5.0	5.0	16.0	7.0	0.17	0.44	376.0	512.0	10.0
C76	c	60.0	12.0	31.0	9.0	0.40	0.02	43.0	299.0	10.0
C77	c	23.0	3.0	7.0	0.0	0.29	0.00	50.0	341.0	10.0
C78	c	8.0	56.0	27.0	19.0	0.36	0.24	183.0	641.0	10.0
C79	c	6.0	68.0	30.0	17.0	0.36	0.41	39.0	272.0	10.0
C80	c	47.0	47.0	13.0	27.0	0.37	0.32	215.0	603.0	10.0
C81	c	49.0	58.0	10.0	1.0	0.18	0.16	754.0	934.0	10.0
C82	c	27.0	43.0	9.0	17.0	0.33	0.38	488.0	650.0	10.0
C83	c	37.0	31.0	14.0	18.0	0.04	0.51	359.0	627.0	10.0
C84	c	57.0	29.0	18.0	6.0	0.25	0.22	642.0	922.0	10.0
C85	c	63.0	23.0	2.0	15.0	0.15	0.06	36.0	546.0	10.0
C86	c	21.0	24.0	28.0	8.0	0.21	0.46	423.0	443.0	10.0
C87	c	12.0	24.0	13.0	26.0	0.17	0.27	441.0	441.0	10.0
C88	c	24.0	58.0	19.0	16.0	0.09	0.31	460.0	782.0	10.0
C89	c	67.0	5.0	25.0	9.0	0.26	0.06	567.0	897.0	10.0
C90	c	37.0	47.0	6.0	25.0	0.14	0.08	63.0	217.0	10.0
C91	c	49.0	42.0	13.0	15.0	0.22	0.26	319.0	679.0	10.0
C92	c	53.0	43.0	14.0	15.0	0.09	0.09	491.0	935.0	10.0
C93	c	61.0	52.0	3.0	4.0	0.15	0.07	350.0	404.0	10.0
C94	c	57.0	48.0	23.0	3.0	0.28	0.41	690.0	868.0	10.0
C95	c	56.0	37.0	6.0	13.0	0.04	0.41	392.0	786.0	10.0
C96	c	55.0	54.0	26.0	3.0	0.19	0.35	319.0	355.0	10.0
C97	c	4.0	18.0	35.0	15.0	0.44	0.33	830.0	854.0	10.0
C98	c	26.0	52.0	9.0	19.0	0.34	0.11	175.0	381.0	10.0
C99	c	26.0	35.0	15.0	25.0	0.29	0.02	21.0	129.0	10.0
C100	c	31.0	67.0	3.0	18.0	0.17	0.07	528.0	528.0	10.0
S0	f	40.0	50.0	0.0	0.0	0.0	0.0	0.0	960.0	0.0
S1	f	73.0	52.0	0.0	0.0	0.0	0.0	0.0	960.0	0.0
S2	f	90.0	55.0	0.0	0.0	0.0	0.0	0.0	960.0	0.0
S3	f	55.0	79.0	0.0	0.0	0.0	0.0	0.0	960.0	0.0
S4	f	69.0	89.0	0.0	0.0	0.0	0.0	0.0	960.0	0.0
S5	f	32.0	80.0	0.0	0.0	0.0	0.0	0.0	960.0	0.0
S6	f	39.0	96.0	0.0	0.0	0.0	0.0	0.0	960.0	0.0
S7	f	23.0	80.0	0.0	0.0	0.0	0.0	0.0	960.0	0.0
S8	f	4.0	83.0	0.0	0.0	0.0	0.0	0.0	960.0	0.0
S9	f	18.0	58.0	0.0	0.0	0.0	0.0	0.0	960.0	0.0
S10	f	1.0	56.0	0.0	0.0	0.0	0.0	0.0	960.0	0.0
S11	f	13.0	31.0	0.0	0.0	0.0	0.0	0.0	960.0	0.0
S12	f	-5.0	38.0	0.0	0.0	0.0	0.0	0.0	960.0	0.0
S13	f	26.0	37.0	0.0	0.0	0.0	0.0	0.0	960.0	0.0
S14	f	28.0	13.0	0.0	0.0	0.0	0.0	0.0	960.0	0.0
S15	f	39.0	31.0	0.0	0.0	0.0	0.0	0.0	960.0	0.0
S16	f	48.0	11.0	0.0	0.0	0.0	0.0	0.0	960.0	0.0
S17	f	59.0	17.0	0.0	0.0	0.0	0.0	0.0	960.0	0.0
S18	f	73.0	23.0	0.0	0.0	0.0	0.0	0.0	960.0	0.0
S19	f	74.0	32.0	0.0	0.0	0.0	0.0	0.0	960.0	0.0
S20	f	90.0	44.0	0.0	0.0	0.0	0.0	0.0	960.0	0.0
